96372064
37816019
78744012
63636611
81034015
31284981
08296110
27641145
14560602
35672594
05755352
39234202
84582516
82108790
14897807
62240617
95554706
29423524
70275173
40873457
44405722
88096945
67225604
27447428
98879647
19665258
21136213
55711596
19023032
99829324
75782322
97410876
32430047
50630374
40806667
25626081
88778858
24805967
12413092
43846040
90568195
76717796
97550122
03488949
73466829
71533547
73505407
99029119
73947817
55597945
38939139
12599585
29659567
26831321
92692502
57094722
38188207
98003426
58600940
24600796
10733288
58948208
22750492
64884986
49424452
94279657
84135856
39430442
40280449
21991587
38125293
35451536
80726910
08812565
69437496
30976366
25362658
44983745
11395767
77035914
42979097
50050251
53537486
27889203
62721936
53324581
50649239
75124065
43876613
85177518
23414781
59546542
45457563
45653235
17703650
25537877
85573012
87125035
46820231
74070200
51648355
82364066
72298348
32832762
48239980
09654345
35452076
74322768
03632378
98966482
66913061
94559206
40863468
91159241
95643133
09713148
85146224
21872368
77599933
26458219
77614204
27055740
33127331
15761504
04654382
52446915
58276840
41867840
09505854
77093464
17405726
86927193
39510259
08708624
55962568
08713349
50002318
15236837
54873448
65650507
60509879
34180177
45309508
84568369
72365498
90602780
72071056
01525522
96613429
53423380
08283301
15117509
48688264
07391316
82791834
01079111
26958755
52464381
57424689
78954109
88649380
13581488
66010587
85728313
09206666
02673833
80192947
97707103
80614185
19302071
44027166
16929728
28025443
92880207
51896947
28599445
44918361
52706663
92579461
18988713
93373742
74815362
31100183
19813722
61717293
11665151
36943747
88984854
94835991
70184108
92891971
78909683
97885366
65315961
02136155
68044827
22261971
49043024
62559466
36604813
07769236
97390068
59595423
44589128
17094852
17815525
68508382
11769693
71917271
94460375
28126429
46417269
77076139
20224692
50400871
78772449
08951332
21733392
14234406
24716200
69017865
79523137
28198309
82243679
91471254
81253912
94180684
69150271
38719694
14327180
30273143
27488487
98115387
20656169
02129303
81974732
19185035
75228486
92251963
25246221
74568380
09395047
93844407
40139194
71956354
04536122
84248013
96164988
46609755
42655610
18188412
74854344
02544529
79997109
55536785
58384410
18234372
12284565
59283831
29917612
57125801
61666042
21940939
80347202
30655867
28007373
32640114
18425470
71041269
90126482
68746877
92940723
67218310
09041316
62827567
09416809
69093516
22848809
67076612
94071883
45503993
08569433
18288357
46402404
65886745
89691497
71111455
72104772
70519985
23947237
50611023
35293725
13823404
33839176
66069068
45805015
69080083
38799398
79305602
62182359
07911472
25045692
36778993
08337883
78216462
57504138
95925484
42489009
46812328
33923723
56762800
78130534
05074299
38529455
30239397
08482975
52439422
61261994
81133958
88424482
85872384
87143479
48868135
80216770
19640110
89603363
77474871
35926239
71961524
29491597
04135440
35631191
40911362
93580031
49864790
64609886
67117784
40558197
72965485
31686623
07175934
14870545
68812774
17640177
55225521
06722809
69475398
15911810
99034932
03230778
53149041
04421971
25079324
09343090
27499268
10233651
41015583
80992364
15888720
72442322
76363769
06186881
50533615
20254501
19876800
57310364
56208895
41131211
45202813
45483480
79021701
23083261
07720835
54304521
19833346
74810315
98958389
36428733
56878356
83753217
98638024
12032461
90282473
15366665
91348806
43991660
79841576
18588715
59378576
62149423
37059010
14603808
27970746
61172826
56648383
07101375
14828026
32405078
93023872
86254822
03907407
87990936
46908281
07718046
69479879
17333264
82691630
26649604
68851514
40689011
95921997
65165754
80856277
59849715
23878957
85849714
25977460
44442787
00583531
75741093
49579089
22850106
82311007
08781751
14204929
59697279
26003012
57707812
09388599
46526182
56460310
62816502
98942331
36154048
67240435
04736236
89064890
80986909
73460188
88478851
97201222
05533285
38426150
71644883
40807496
27469482
53584425
54669771
07822475
38358672
73100274
12742723
91897236
41456309
60146271
59959089
28426859
70988439
02376643
93587491
68554993
84043762
95658697
09004281
28361339
64289520
78728871
73465415
46086863
92422699
82124459
06592346
57867176
60952212
82200830
99014206
46016821
98069743
64033163
95056078
48131517
31536233
95481191
99535293
10970343
31381555
64420879
60145402
74817036
47468909
15659591
70348522
99570613
22188843
74933476
15436477
19408485
52836549
96684515
37354636
63737303
85550792
58945375
20431980
59383796
61189293
87685730
65677604
97504464
76881611
86962410
96664866
64495350
17865610
06054870
81869050
11393238
72415515
57523714
64659221
58729378
08354418
51177942
36362557
34510452
38506126
09025752
34194361
42330069
23600525
69375755
63111445
49426229
35913267
88301757
03782066
98117378
85177790
23536746
76202724
76004558
60769466
46981285
68732142
53930488
43738250
46300084
55620855
43580042
06216460
34898397
63854923
85382958
59703193
46551173
40395174
15174884
73028983
63622474
87657253
17422332
29282797
78098883
69107881
14653717
60899430
87738232
06410617
82945446
25077431
19433454
46901414
23390309
16900258
11040025
50671128
32870167
89657546
70931667
03403985
90744871
70521461
80848871
40526472
84234572
95836583
93295522
69552755
39568456
30036312
57417480
82012523
46708500
08833149
27112847
51165380
85962782
94486468
51158416
83787774
07199790
83018787
59926633
93861656
32567055
70085065
49869589
14346538
32379560
52535941
77067365
54689696
09743041
14817288
80136291
19184153
61784385
63648420
76182638
11074668
81108454
38179089
62445219
46539377
33343418
03880533
95426776
08462711
36939674
83429990
61711116
29741702
92817416
42910884
04732666
96838953
60525623
98341578
12889699
76192690
78305748
24294930
15329821
63496557
99035185
97054637
33010017
10841311
08987929
24984272
30261506
68498863
69501889
91243332
17378705
94465956
71559186
47293183
65226810
59558400
82518511
74834484
38016321
63080783
59315378
92264292
61829028
14991392
54661797
60643325
28663970
00969513
18295356
27117821
28051384
69273135
39934361
65715957
84941545
86467597
81180243
48700489
04999878
27132829
99230222
05672806
17158857
83678174
67870305
46077533
52627690
03295993
28091132
49855404
79613194
06838812
12194111
12181571
31869250
73341608
00964566
51093403
38100234
14344185
73794573
56210090
71756151
39272453
74863883
45148263
06387924
97765443
18838177
52205716
37152083
07312840
09869988
13345241
90534899
01491774
90720903
33460758
54372109
75065467
37901836
89767014
45499457
35901984
47821680
46562788
78951157
50761385
85681364
44313437
45764062
19538909
93824727
11840967
06356649
79944721
30942620
10832601
55262535
95400735
50616867
62807824
70435597
89672498
46889276
22383892
78389987
29239328
01018812
23600565
26336467
17844303
91423072
90141677
70265686
68167684
03729499
41761725
97785695
40441708
39325949
50455334
18303346
53160279
97432163
63454055
68830675
29943551
20768755
44653253
62149610
49265927
30447902
87791123
64236526
72738409
87222192
30780732
19317921
45152913
79711494
06846834
02034177
68929580
67306250
52472035
85971860
63310686
69454289
88222170
95419118
20890235
98387513
06210301
81913243
09712426
56296893
85452160
11168599
62553649
47775787
28428639
35039745
25738620
50829155
39470240
64896554
56631143
98098990
38201188
17405024
78073523
59368751
71657501
59734187
99270735
23556494
55254098
83419849
59797945
36245642
75407756
49382963
99764337
97088705
95022657
48211748
85581373
30271208
64049965
06097905
00129408
81163825
32191103
96663293
46496724
13856840
05632635
53992891
38784267
66129897
70938729
14501462
73895657
40546826
30386229
27323149
54710632
59211488
73669465
70026169
71510175
49668148
39221184
60192150
89006790
44621039
63737151
34733640
94131013
78339184
90705584
63605658
66858515
50388920
46702068
90342863
02586995
65190023
60466319
18833737
24654077
33717820
64219828
25442316
24984269
37881995
26301417
23108118
59397291
42230160
09350732
20898244
36413243
45265942
62139665
40103652
46911125
30990001
64298902
70994668
16301141
78606185
86848896
19221910
34258916
61170372
97384974
39867388
76060538
28199184
74452056
66236088
79595745
32588622
89162629
86449904
21665510
26929997
31501590
98576083
75539692
75960865
53418630
06463067
49466652
91721691
00153790
84739666
36586049
98575145
24345713
70033668
26231235
12095677
06046308
21307709
61107098
09128241
50563404
27522894
84132590
48731537
88581885
52410836
28263836
41810331
91514952
24885807
68689991
74595543
05794237
90038857
18290362
17651189
34384477
73254626
28459812
48590712
84463803
81680410
50862819
65150554
56628539
35589588
75552590
15763111
59297777
66467917
29435254
61748056
20322974
75430651
77217896
89076497
98687583
55128972
88600402
75865786
15209258
22413193
21100695
42328045
01313640
40000629
07950613
02820925
83890522
36748434
70853779
13795993
74878212
59393401
76108519
97054966
70083283
43304763
23269108
52553460
69096532
38597638
47988588
58741903
69275884
93805930
17361274
